Captured command data from a wilko 433Mhz wireless socket and controller set

Controller Channel 1

Chan 1 - Socket 1 ON
Decimal: 1381717 (24Bit) Binary: 000101010001010101010101 Tri-State: 0FFF0FFFFFFF PulseLength: 436 microseconds Protocol: 1
Raw data: 13548,376,1356,380,1360,384,1360,1248,504,372,1356,1260,480,388,1352,1260,480,388,1356,1256,488,380,1360,1252,492,392,1348,1264,480,388,1356,1252,496,372,1364,1248,496,376,1364,1264,480,380,1360,1252,488,1248,492,1252,500,

Chan 1 - Socket 1 OFF
Decimal: 1381716 (24Bit) Binary: 000101010001010101010100 Tri-State: 0FFF0FFFFFF0 PulseLength: 436 microseconds Protocol: 1
Raw data: 13540,388,1348,396,1360,372,1364,1248,504,364,1368,1248,496,372,1372,1240,492,380,1364,1248,496,372,1364,1252,492,372,1372,1240,508,364,1388,1220,532,340,1380,1232,508,360,1372,1240,504,368,1380,1232,504,1236,504,1236,500,

Chan 1 - Socket 2 ON
Decimal: 1394005 (24Bit) Binary: 000101010100010101010101 Tri-State: 0FFFF0FFFFFF PulseLength: 436 microseconds Protocol: 1
Raw data: 13536,392,1348,392,1352,388,1356,1252,496,372,1372,1240,508,360,1384,1228,516,352,1376,1236,516,356,1392,1220,532,340,1376,1236,508,360,1372,1240,504,368,1376,1232,504,368,1368,1244,504,364,1368,1244,512,1228,504,1240,508,

Chan 1 - Socket 2 OFF
Decimal: 1394004 (24Bit) Binary: 000101010100010101010100 Tri-State: 0FFFF0FFFFF0 PulseLength: 436 microseconds Protocol: 1
Raw data: 13540,392,1348,392,1360,372,1368,1244,512,360,1368,1244,496,372,1368,1244,508,364,1368,1244,500,368,1368,1244,500,372,1372,1236,504,368,1380,1228,504,368,1368,1244,500,372,1360,1248,496,376,1376,1232,528,1216,504,1236,500,

Chan 1 - Socket 3 ON
Decimal: 1397077 (24Bit) Binary: 000101010101000101010101 Tri-State: 0FFFFF0FFFFF PulseLength: 436 microseconds Protocol: 1
Raw data: 13544,384,1356,380,1368,376,1360,1248,500,372,1368,1244,504,368,1372,1236,504,368,1372,1240,492,380,1372,1240,504,368,1368,368,1364,380,1360,1252,496,376,1364,1244,504,368,1380,1232,520,352,1372,1240,500,368,1392,1220,500,

Chan 1 - Socket 3 OFF
Decimal: 1397076 (24Bit) Binary: 000101010101000101010100 Tri-State: 0FFFFF0FFFF0 PulseLength: 436 microseconds Protocol: 1
Raw data: 13540,392,1344,396,1348,392,1360,1252,512,352,1376,1236,500,372,1368,1244,504,364,1376,1236,500,372,1364,1248,492,20,368,16,512,360,1400,1212,520,352,1376,1240,492,372,1372,1240,496,376,1376,1236,504,1236,512,1228,508,

Chan 1 - Socket 4 ON
Decimal: 1397845 (24Bit) Binary: 000101010101010001010101 Tri-State: 0FFFFFF0FFFF PulseLength: 436 microseconds Protocol: 1
Raw data: 13556,368,1356,384,1356,388,1360,1252,492,376,1356,1252,492,380,1356,1256,484,388,1352,1260,492,376,1352,1260,484,388,1360,1248,500,372,1364,1248,500,368,1356,1256,484,388,1352,1248,492,376,1364,1248,492,1248,488,1256,488,

Chan 1 - Sokcet 4 OFF
Decimal: 1397844 (24Bit) Binary: 000101010101010001010100 Tri-State: 0FFFFFF0FFF0 PulseLength: 436 microseconds Protocol: 1
Raw data: 13548,376,1356,384,1356,384,1360,1256,480,384,1356,1252,496,376,1352,1260,488,380,1352,1256,488,392,1352,1252,492,376,1364,1252,488,380,1356,1252,500,372,1372,1240,492,380,1360,1248,484,388,1356,1252,488,1256,492,1252,488,


Tri-state RF message breakdown:

		 Channel   Sockect  State
Hex 	|0FFF       0FFF 	FFF0
State   |One 	    One	    Off
